6 7 2 9 8 3 
4 7 2 10 9 3 1 
4 2 10 9 8 
5 7 2 9 8 
4 6 7 
2 10 8 
5 6 2 10 9 1 
4 6 7 10 9 8 3 
5 6 10 9 
5 7 2 9 
4 6 10 8 3 
6 7 10 9 
4 2 9 8 
10 9 
5 7 10 9 3 1 
7 2 9 8 3 1 
9 1 
4 2 9 8 1 
5 4 7 2 8 
5 4 2 9 8 
5 6 2 9 8 3 
5 2 9 3 1 
5 6 7 2 10 3 
4 7 2 9 8 
5 7 2 9 8 3 1 
5 7 2 10 8 1 
7 2 10 8 
2 10 9 
10 9 8 1 
6 2 8 
5 6 10 9 3 
4 7 9 8 
4 7 2 9 8 
5 2 10 9 8 3 1 
5 6 2 1 
5 2 8 3 
10 9 8 1 
5 6 7 2 8 3 
10 9 8 
5 10 8 3 1 
5 4 6 7 2 10 8 1 
5 2 10 
5 6 7 10 3 
7 2 8 1 
3 
5 7 2 8 
5 2 10 9 8 3 
5 4 7 3 
7 2 9 8 
5 7 2 10 8 1 
4 10 8 1 
5 6 7 9 8 1 
2 3 
5 7 2 10 9 3 
4 2 9 3 1 
4 7 2 10 9 1 
7 10 9 3 
5 4 6 7 9 
6 2 10 9 8 3 
5 10 9 
5 4 6 9 8 1 
4 7 2 9 8 1 
4 9 8 3 1 
5 6 10 
4 2 10 9 8 3 1 
5 7 10 9 8 
4 2 10 9 3 
4 2 10 9 8 
7 2 10 8 3 1 
5 4 2 9 8 3 
5 10 8 
7 2 10 9 8 1 
5 7 2 10 9 8 3 1 
5 4 6 9 8 
6 2 10 8 1 
5 6 2 9 8 1 
5 7 3 
4 10 9 
4 2 10 8 
4 7 2 10 9 8 3 
5 4 10 3 
5 9 8 1 
4 2 10 8 
4 10 8 
5 7 10 9 8 3 
5 4 6 7 2 9 
8 1 
9 8 
5 4 7 2 9 3 
5 7 10 8 3 1 
5 2 9 8 
7 2 8 
2 10 9 1 
10 9 8 3 1 
5 4 6 7 10 9 8 3 
10 9 
7 2 10 9 8 3 1 
5 6 10 9 1 
6 10 8 3 
6 2 10 8 
