17 99 85 84 61 34 50 2 27 38 26 97 
5 35 12 24 19 32 92 44 73 82 14 3 84 57 40 93 13 54 86 10 18 42 
8 17 23 22 92 68 14 3 95 27 97 
58 8 37 49 41 45 96 7 33 70 15 91 
56 55 79 75 47 92 11 9 85 96 7 25 40 48 10 
56 55 95 18 71 8 57 1 
1 53 83 43 31 98 85 29 7 33 57 34 70 10 18 27 
16 22 6 67 11 9 31 74 39 84 33 46 34 86 62 
55 17 83 47 9 80 96 39 59 21 10 88 
56 16 24 30 47 45 68 98 80 51 46 54 2 
16 55 58 52 49 41 69 31 3 25 93 4 15 50 54 65 18 86 
5 81 58 75 22 85 74 33 90 57 59 27 38 
20 72 24 28 8 17 92 84 7 33 71 66 13 86 38 
52 75 98 51 61 33 34 13 59 65 88 
22 14 3 64 94 25 48 54 2 86 88 
79 16 28 17 22 11 68 74 3 64 25 4 50 2 10 38 
81 72 28 1 6 68 9 89 39 64 94 71 4 65 27 38 62 
1 32 83 67 68 73 85 29 33 77 70 26 42 
5 55 52 72 28 75 37 67 9 98 3 84 77 90 40 97 87 
12 28 17 19 6 67 69 80 46 66 40 34 4 2 18 91 
12 1 83 43 9 85 74 39 71 76 59 4 65 27 97 
59 92 41 67 10 18 38 52 30 88 
32 51 59 21 11 44 70 31 23 53 
79 16 35 58 28 41 36 73 80 94 33 25 59 13 
35 81 52 60 83 36 44 89 71 90 40 
5 81 58 72 37 45 44 95 71 93 65 88 
50 43 69 36 71 82 90 75 96 
78 16 81 12 28 23 83 92 43 67 31 96 61 71 66 76 70 50 86 2 88 42 100 
8 23 19 49 98 73 89 80 33 95 59 2 97 91 
81 60 12 32 49 11 82 61 46 21 91 
78 79 20 72 41 43 69 98 73 82 89 14 96 76 57 13 21 10 
81 28 75 17 19 53 68 31 29 25 66 34 4 15 93 97 18 38 88 87 
95 2 11 73 17 76 48 
5 55 20 58 52 67 68 76 48 59 4 62 
79 35 20 60 24 41 11 36 44 98 85 89 96 77 33 59 27 42 62 100 
58 60 12 11 89 14 90 76 93 10 26 62 100 
24 23 92 6 36 3 25 57 70 13 42 62 
35 28 23 67 68 99 82 89 14 25 46 34 21 38 88 
20 52 37 53 6 41 67 36 73 85 61 77 33 86 10 62 87 
81 30 8 83 67 82 85 96 61 25 71 90 76 40 21 63 97 26 42 
78 79 52 17 1 41 11 45 9 89 61 77 25 71 57 70 15 65 88 
35 55 17 19 83 49 11 3 64 33 76 57 40 4 50 18 
78 24 30 37 41 43 84 61 76 57 59 15 21 10 42 62 
24 37 22 6 69 44 99 73 74 80 96 7 25 70 4 50 10 42 
81 30 19 69 98 82 14 29 48 86 27 91 62 87 
72 8 75 83 49 98 64 84 25 76 34 15 21 2 63 
81 72 24 30 17 23 47 99 96 95 57 34 86 18 42 
78 79 58 28 23 36 9 39 29 90 93 54 63 91 
78 20 81 58 28 75 41 67 69 14 7 93 10 27 26 91 42 
5 16 12 30 17 23 53 32 68 9 31 33 25 70 4 21 2 10 54 63 
20 58 52 14 74 3 51 61 77 66 76 21 63 10 
79 24 1 53 22 32 49 45 36 68 9 85 96 51 40 93 97 18 38 62 87 
56 55 58 12 28 53 83 98 82 85 7 95 15 
16 55 52 17 92 6 99 9 73 89 14 29 95 59 63 18 62 
28 53 6 11 99 98 85 84 15 54 91 100 
35 20 30 17 22 83 44 31 98 89 90 21 10 38 
20 24 37 53 36 44 9 73 14 84 94 34 2 
78 4 81 25 27 26 31 82 14 1 
84 4 13 61 36 87 17 57 48 
5 16 23 19 99 31 73 82 51 18 88 
28 8 69 44 9 85 89 61 29 94 95 66 87 
35 52 12 19 32 11 44 39 33 25 71 59 21 27 100 
39 47 29 43 56 77 99 90 42 87 
24 17 1 47 68 99 98 73 94 33 66 4 21 97 88 
56 58 72 8 37 23 19 32 67 69 31 73 39 64 71 66 40 13 26 
16 17 32 43 44 9 31 82 85 74 3 46 71 
60 72 30 53 44 68 74 84 71 21 63 
56 16 12 30 75 37 22 32 41 92 45 69 31 73 85 51 48 65 21 63 91 42 
59 64 29 63 83 10 18 93 28 42 
28 75 37 83 41 69 44 82 3 94 13 21 86 62 
56 55 79 60 19 6 45 73 80 94 95 54 86 97 18 100 
60 12 69 36 96 51 76 70 50 26 91 
72 75 67 44 89 64 84 46 66 48 86 91 
79 28 67 69 68 73 85 14 80 61 29 76 57 86 10 62 
53 32 43 39 51 95 93 54 97 18 26 88 
78 35 30 75 11 68 31 73 82 40 59 21 2 91 
5 78 20 58 1 32 49 6 67 14 3 51 94 48 65 21 10 26 
5 12 75 53 49 11 14 80 71 76 48 59 93 86 10 
51 61 41 63 2 67 97 100 96 
52 8 43 11 45 68 31 85 64 61 84 4 27 88 26 
16 23 1 32 19 45 69 39 61 64 90 40 93 4 38 
28 75 17 19 43 11 89 29 70 21 91 
56 79 75 53 32 41 82 29 33 90 48 65 86 88 
78 56 16 55 60 72 19 49 45 68 3 80 39 29 7 25 86 27 18 
78 16 30 28 32 83 43 11 36 64 7 46 76 21 54 27 87 
5 78 55 1 53 49 45 80 96 84 29 94 71 76 50 18 87 
79 20 58 98 73 24 3 23 19 
55 12 30 1 22 83 69 36 44 84 29 33 93 27 97 91 100 
81 30 47 41 49 67 68 92 85 25 90 57 59 70 63 
58 12 23 22 32 45 68 99 82 80 84 46 76 70 65 63 42 62 87 
56 55 81 12 23 47 49 51 63 2 27 38 
83 47 35 81 25 99 75 37 53 
78 60 83 47 43 44 31 3 80 96 40 65 97 62 87 100 
78 79 16 81 30 67 36 73 61 66 34 86 26 
79 55 58 52 12 1 22 32 6 36 44 31 99 14 39 51 46 76 57 4 27 88 
5 52 72 12 8 23 53 6 41 43 85 74 80 40 4 13 50 86 
78 61 6 29 94 58 99 26 31 74 
55 12 53 92 67 69 36 82 85 3 84 33 25 71 86 27 18 97 100 
5 79 30 17 23 83 92 98 3 80 96 84 77 71 76 34 4 59 63 93 
55 58 52 24 43 51 76 40 34 15 88 26 91 62 
